83.53 68.14 46.4
36.23 5.95 26.9
97.00 89.77 88.1
17.63 94.30 93.1
69.54 15.36 29.8
89.07 64.53 94.4
76.55 57.07 90.8
17.37 59.98 82.6
44.31 64.58 62.2
95.65 28.12 62.4
2.94 78.41 61.2
60.94 75.61 90.3
35.93 64.10 2.9
42.13 45.60 83.7
41.63 79.00 55.4
96.13 63.46 78.4
29.68 78.48 89.5
10.84 46.46 23.4
55.08 0.67 65.7
92.66 79.17 41.9
81.82 54.30 17.8
39.38 98.82 20.2
86.46 94.08 50.6
8.72 84.70 15.4
84.79 52.45 36.2
3.82 82.50 40.5
4.70 65.55 69.6
81.47 10.35 3.5
75.86 8.71 78.2
86.04 6.77 62.5
8.17 97.03 9.8
61.87 69.56 31.4
59.19 54.36 77.7
0.93 98.58 33.5
56.68 27.55 23.3
51.12 10.70 32.7
69.47 81.64 19.8
13.71 87.49 33.6
38.46 6.38 26.1
30.43 12.84 12.6
49.71 66.25 24.4
65.74 35.94 32.1
96.13 54.81 57.0
99.02 64.23 61.9
25.43 7.02 20.3
8.77 64.51 67.5
34.08 11.91 63.7
40.18 71.02 17.0
88.75 66.19 19.4
71.88 43.67 40.4
