84.05 14.52 3.5
6.36 33.66 62.8
85.17 22.13 95.9
68.49 45.83 49.2
71.55 77.53 51.3
3.53 48.49 37.5
65.57 19.27 44.1
41.84 40.97 65.3
57.18 26.23 21.0
38.16 21.92 76.5
10.46 89.42 7.9
13.90 1.32 59.6
16.88 50.58 32.6
75.21 11.34 52.0
63.87 44.03 56.5
42.02 42.20 76.6
79.24 30.57 27.2
56.07 41.10 75.4
20.86 74.95 62.0
3.75 19.26 15.7
84.10 43.24 5.0
2.65 93.70 70.9
87.77 56.93 15.5
90.46 23.01 35.4
2.72 44.82 12.4
74.82 15.59 49.3
16.32 32.27 36.3
85.92 58.50 33.9
54.34 17.65 14.1
79.69 62.36 72.1
50.11 30.34 4.0
50.28 49.33 80.7
5.53 78.77 18.2
62.30 60.93 36.6
65.36 6.66 67.2
62.50 45.41 13.0
82.64 43.95 32.6
80.32 40.91 43.8
74.84 8.22 23.5
88.66 65.27 92.8
31.38 63.10 23.1
67.48 82.65 11.3
99.52 68.38 93.7
9.50 82.02 83.8
48.62 62.53 9.8
57.27 13.26 77.8
24.41 51.25 5.8
22.45 64.31 91.1
83.20 74.59 62.1
9.71 38.47 38.2
78.67 13.27 66.0
91.61 57.32 2.5
57.78 67.78 82.4
30.39 62.12 69.6
2.19 9.06 95.3
20.16 89.78 92.8
69.97 48.96 20.2
7.49 20.98 4.0
5.97 10.24 58.2
0.47 99.34 53.9
57.23 58.75 68.7
87.60 32.70 65.1
6.45 97.01 47.3
61.03 67.06 48.9
66.35 64.38 55.4
39.29 4.22 16.8
30.95 36.28 50.3
1.16 77.92 10.3
69.88 85.78 18.6
6.16 52.76 48.8
49.67 1.22 34.5
68.27 2.89 4.7
41.42 21.59 69.8
91.63 14.07 51.4
70.42 47.95 12.1
38.74 4.57 9.2
26.00 22.81 6.7
54.78 93.01 60.9
52.69 83.31 67.3
62.33 96.21 91.9
25.05 63.58 46.6
8.86 72.49 88.0
16.82 48.74 25.3
32.77 6.38 11.5
80.68 66.27 42.1
32.08 37.55 93.1
32.81 58.68 6.4
50.03 63.62 18.4
54.61 95.31 42.6
21.04 88.53 38.0
45.01 37.61 56.5
33.01 14.63 94.1
87.71 64.23 96.1
73.37 52.17 92.9
93.44 27.39 59.5
51.67 77.63 98.4
43.17 13.62 56.4
92.22 58.97 60.9
38.75 62.06 23.0
9.20 85.82 48.1
59.65 87.52 45.4
28.78 60.71 25.8
61.76 20.64 19.2
89.03 46.18 96.4
63.27 48.84 12.9
20.04 98.16 51.0
26.65 13.81 25.9
13.26 91.05 58.1
46.14 11.25 95.0
41.17 23.72 58.7
39.65 40.72 62.9
73.16 20.18 12.9
37.63 59.17 79.8
21.02 13.48 36.6
82.24 27.62 24.6
73.36 24.02 90.4
69.82 93.37 20.5
20.69 9.78 16.4
32.94 13.23 73.2
37.61 63.10 36.9
24.14 36.62 55.9
40.19 0.16 91.0
18.52 99.67 71.0
69.65 0.73 34.1
90.26 57.69 52.1
49.29 14.25 84.8
21.87 51.37 76.7
37.74 92.81 8.7
62.42 37.74 19.5
92.76 98.47 29.5
47.60 7.31 73.8
13.73 40.15 47.3
96.32 50.86 65.1
10.17 24.49 30.2
61.05 78.88 90.8
32.92 13.59 56.8
8.54 97.15 1.3
81.93 5.89 22.7
0.04 5.22 48.4
80.48 57.42 4.6
5.78 28.35 59.5
94.79 91.88 92.9
92.82 25.54 4.5
36.20 85.12 63.7
34.55 88.27 1.6
83.51 11.80 35.3
20.95 37.47 45.9
1.15 5.06 53.7
56.07 80.33 25.7
0.61 59.15 76.0
12.37 55.06 40.5
69.74 95.38 32.4
14.08 18.58 62.5
63.77 31.84 63.6
39.03 76.25 7.2
22.78 51.77 91.7
88.05 3.55 28.7
55.74 84.72 56.4
34.92 8.14 97.2
32.64 32.97 88.0
86.29 65.97 59.8
7.07 38.23 56.0
49.67 14.42 77.7
93.87 48.34 10.1
69.66 49.72 76.5
53.65 82.52 12.0
29.87 39.66 98.6
81.93 36.02 34.6
94.02 59.13 85.8
33.96 64.29 35.6
35.59 24.34 47.7
72.46 77.53 78.8
42.62 58.18 4.2
49.10 74.63 77.7
28.79 62.13 4.1
78.75 46.80 99.4
91.85 32.75 3.4
24.05 40.83 19.0
45.38 16.10 41.9
30.23 50.41 61.1
11.62 69.14 22.5
10.42 26.61 9.5
90.73 54.33 51.4
91.83 40.34 62.3
1.04 50.04 29.8
30.30 4.93 45.6
79.24 75.11 91.9
38.81 30.80 85.1
66.85 34.06 75.0
33.58 38.13 79.5
91.29 91.71 86.8
49.24 92.96 32.3
81.28 92.84 76.3
20.42 51.84 91.0
94.57 36.32 6.7
38.58 83.42 51.5
99.83 69.02 30.3
80.86 79.81 42.9
4.02 55.66 10.4
9.99 15.59 57.7
6.81 85.44 74.5
70.56 82.81 49.0
36.34 65.46 34.9
82.18 14.80 52.8
76.54 13.02 15.5
25.38 82.17 99.0
83.94 57.11 18.6
90.94 6.06 82.1
92.88 6.92 23.9
42.85 69.13 1.1
94.73 27.58 28.3
74.82 26.23 30.1
90.69 0.50 22.1
8.23 31.85 6.2
39.35 94.64 57.7
86.88 30.79 46.9
5.16 84.03 30.8
82.15 9.22 11.4
61.42 51.40 69.1
0.02 68.82 8.6
28.72 14.41 100.4
79.93 92.67 99.1
77.46 91.21 79.8
1.34 95.76 97.1
33.22 91.27 18.5
72.04 48.55 70.9
53.14 99.55 32.7
75.33 4.15 37.6
40.56 89.87 53.5
39.97 22.82 61.7
90.86 10.29 67.8
44.74 40.84 35.6
59.99 78.74 56.8
91.03 76.20 26.2
50.76 99.54 42.0
20.13 71.99 79.9
79.08 60.15 4.4
7.75 37.29 28.2
83.55 44.84 46.6
43.31 80.30 23.6
83.12 23.04 67.4
26.69 1.04 71.8
35.38 74.85 35.0
92.79 66.21 32.3
9.79 57.59 48.6
13.75 13.37 75.7
42.91 59.82 87.1
13.59 10.97 88.0
30.06 4.70 99.3
19.57 38.63 22.6
59.76 65.78 3.7
17.31 2.51 66.0
54.23 68.95 65.4
39.80 66.06 22.0
83.15 82.11 29.6
89.63 78.93 32.1
82.36 48.16 28.6
3.31 90.99 45.9
72.71 54.09 69.8
0.69 85.24 55.9
40.31 23.70 97.4
74.77 77.59 58.8
36.62 68.20 34.8
13.25 13.21 19.2
80.02 76.66 22.6
23.64 50.87 98.4
12.11 97.87 54.4
48.04 34.07 17.1
84.68 83.15 12.5
94.80 56.29 81.6
73.99 53.19 29.2
93.80 90.13 96.7
70.58 29.21 87.2
62.09 66.77 80.0
54.35 5.17 8.3
82.21 63.75 40.7
31.19 71.25 67.0
72.48 89.13 90.0
88.19 2.23 89.9
25.38 82.80 36.8
49.77 13.81 23.9
14.18 1.98 30.3
37.13 8.39 30.5
60.56 31.78 70.7
32.65 37.55 46.3
5.16 57.92 80.1
66.57 71.85 59.5
33.94 36.46 98.9
33.51 25.95 74.8
90.70 33.62 86.1
90.58 30.31 35.8
6.01 26.82 37.1
77.88 55.96 35.8
34.92 33.58 20.1
40.28 26.31 25.7
72.16 6.31 71.7
1.66 98.42 29.8
19.38 15.40 24.7
22.38 89.39 36.4
83.19 3.72 21.5
