80.25 30.29 72.8
86.08 22.04 84.2
5.29 68.23 7.4
81.29 30.97 90.7
78.99 68.93 60.6
8.36 13.39 10.8
14.25 26.20 20.8
64.92 52.17 97.0
93.09 51.22 7.5
49.27 69.01 82.2
68.77 80.49 12.5
19.03 87.71 83.7
1.34 60.49 66.6
49.08 99.14 58.0
57.91 1.73 27.7
88.48 63.63 58.6
56.27 93.31 85.1
94.73 1.23 42.6
54.87 63.07 72.5
11.27 8.24 49.2
10.20 93.29 18.3
7.53 89.39 25.2
48.71 91.64 86.0
97.32 4.04 81.8
76.99 79.54 67.5
93.21 8.54 61.9
41.35 51.79 29.7
93.53 63.65 25.1
78.44 64.65 1.8
61.37 19.13 89.8
74.49 64.11 17.9
56.39 5.75 30.8
38.90 41.66 65.3
73.47 34.71 23.1
71.92 8.04 72.4
31.37 3.56 97.7
32.53 64.88 8.8
46.10 26.50 34.8
58.19 53.65 76.3
48.32 56.58 28.0
36.84 31.12 1.3
53.73 5.23 62.0
18.94 92.40 49.7
59.94 82.24 98.4
33.80 22.90 86.5
54.96 29.33 8.4
28.32 16.30 63.8
82.32 99.08 76.7
16.27 54.99 49.5
38.67 77.89 25.6
71.86 81.38 90.0
80.30 65.16 22.0
23.02 11.54 88.1
91.64 11.95 3.9
64.51 86.59 14.7
22.40 39.08 8.9
39.72 66.02 57.2
64.89 25.85 26.9
93.99 4.61 1.3
2.59 33.31 92.9
61.75 80.77 74.1
71.18 98.85 14.3
34.17 20.17 100.2
8.59 83.63 29.9
77.54 53.15 52.0
92.83 55.77 8.9
92.93 74.56 43.9
23.56 32.34 73.4
61.50 16.75 59.2
29.39 75.33 2.0
70.35 23.30 11.5
73.44 20.02 4.8
99.92 26.48 94.5
54.13 64.97 100.3
11.21 0.09 23.2
94.34 3.02 52.0
48.26 84.73 24.2
86.30 8.84 11.6
60.15 10.35 1.0
36.01 94.30 52.2
59.24 35.82 59.2
74.30 45.79 79.2
75.13 67.38 69.0
82.85 67.24 77.5
46.14 57.76 6.8
52.44 28.81 5.2
17.17 69.70 12.2
94.91 75.96 6.9
40.21 95.68 92.6
84.07 74.47 85.6
72.77 7.21 45.1
75.88 29.58 52.2
18.89 5.51 79.8
60.68 37.26 53.2
42.67 96.67 43.8
92.49 11.29 36.2
17.91 71.99 17.1
57.75 52.02 20.6
24.86 76.39 7.5
44.43 46.27 60.5
56.82 26.85 30.8
33.97 49.44 81.5
37.16 46.50 12.5
8.72 38.75 47.9
45.44 85.88 67.5
63.82 1.55 4.8
43.64 69.88 60.2
38.64 15.50 48.8
29.22 27.94 58.0
63.87 51.22 66.9
11.84 44.94 77.9
15.17 44.36 91.1
37.35 51.81 47.2
62.91 21.87 83.4
82.18 51.81 61.7
76.04 91.44 1.5
67.20 30.22 75.8
99.22 45.67 48.6
97.70 65.26 21.8
28.42 33.28 80.6
92.23 27.11 30.2
99.43 7.18 12.0
31.19 25.76 49.5
50.06 93.58 27.8
41.14 68.00 10.6
5.22 3.78 46.1
69.93 3.73 48.0
74.85 78.30 2.9
89.99 2.63 46.8
84.95 91.73 37.0
77.87 33.78 20.3
70.72 0.04 15.0
17.16 54.56 32.2
43.31 85.68 51.3
59.93 69.59 66.6
3.29 84.12 96.6
23.27 64.47 49.9
46.63 64.77 65.8
49.63 0.61 78.6
60.27 3.42 71.9
9.26 80.61 50.4
68.29 36.82 6.7
66.44 75.19 89.9
28.03 75.10 1.2
58.65 0.26 75.3
47.26 85.11 31.6
72.06 39.29 53.2
23.44 68.62 12.6
55.38 82.77 34.9
92.24 59.69 37.0
42.71 80.85 57.2
3.53 30.64 2.7
1.14 93.39 21.3
85.93 21.23 68.0
53.82 23.64 100.7
1.99 86.12 12.3
29.93 34.40 4.3
52.66 56.52 52.8
22.07 4.85 96.1
15.24 16.11 76.9
82.22 24.61 92.4
17.41 93.80 45.6
70.61 34.95 61.2
8.37 71.24 26.0
38.09 85.58 79.8
68.78 98.45 89.6
46.09 97.45 57.0
32.97 50.80 46.4
49.76 1.01 48.0
63.97 10.53 32.4
24.17 61.72 85.1
48.76 76.70 1.0
55.39 21.57 32.7
34.15 34.01 66.6
83.82 45.39 59.3
45.16 19.98 97.9
95.25 77.87 23.7
29.84 5.92 78.5
67.28 90.31 71.1
23.57 12.65 54.8
21.89 31.32 30.2
15.83 12.59 87.1
16.63 74.79 23.2
32.36 30.11 64.3
69.14 11.20 13.5
90.12 85.76 46.9
80.59 89.97 77.0
48.07 33.96 43.3
0.22 76.37 2.0
10.24 84.93 71.3
45.91 5.39 19.3
88.61 37.22 38.8
85.74 14.63 79.1
15.27 4.20 17.2
67.06 71.09 46.3
89.25 3.55 1.2
9.66 44.17 83.0
49.94 38.75 57.3
4.05 39.01 94.0
69.03 48.74 33.7
