76.89 72.17 24.7
60.94 38.49 95.2
59.70 81.42 75.4
99.94 57.93 55.3
34.72 9.88 19.0
76.75 20.26 19.1
29.81 81.85 9.3
88.04 9.85 89.2
38.12 73.44 24.4
36.03 67.83 82.0
41.73 86.31 24.8
43.02 71.66 30.9
76.13 55.87 77.8
8.60 36.88 94.3
20.01 19.89 40.6
79.25 82.32 11.9
48.18 82.25 74.7
6.60 44.75 45.7
90.08 2.85 55.6
30.28 58.42 24.5
39.88 85.24 54.9
29.20 45.89 26.4
30.63 54.76 95.6
97.20 15.66 58.9
34.27 80.27 20.4
72.60 35.46 25.6
25.17 70.36 75.5
19.92 15.49 84.0
63.62 94.33 99.7
66.95 76.32 45.6
39.91 5.75 72.0
84.88 46.39 87.6
35.79 79.53 63.9
25.70 19.76 99.4
72.52 66.61 73.7
15.75 38.95 71.3
82.28 37.81 47.6
61.36 7.52 48.5
42.24 3.70 67.0
9.30 77.86 54.7
26.29 59.48 62.8
7.40 87.06 95.9
48.70 23.38 75.4
17.26 72.50 42.7
21.07 26.28 96.4
71.57 93.97 88.5
46.30 88.55 76.5
55.46 17.71 42.6
21.83 69.52 63.9
82.63 44.12 12.4
54.96 13.76 2.8
70.43 4.99 57.9
40.30 95.32 19.4
9.51 92.34 27.2
17.05 44.82 94.6
20.77 16.78 62.5
12.32 55.59 67.6
22.83 60.07 97.9
74.16 32.17 90.6
13.45 93.38 15.3
0.19 43.89 2.8
64.93 75.45 64.2
38.67 66.27 49.8
17.75 79.77 92.8
27.64 38.76 2.7
8.26 2.51 57.2
47.92 29.03 78.0
53.57 72.13 70.7
29.01 87.92 78.7
55.32 68.79 33.3
15.49 63.50 21.7
95.84 70.05 39.3
39.88 30.31 43.8
4.43 70.79 9.8
32.58 17.29 51.6
11.02 73.37 100.0
3.26 87.16 100.3
9.23 11.51 54.0
83.05 84.94 24.4
98.95 45.98 7.4
17.37 62.05 39.6
45.22 38.39 74.0
13.73 58.06 1.7
37.08 5.64 23.8
49.35 38.07 86.4
53.77 75.08 23.8
3.12 34.57 87.4
74.74 73.15 27.0
43.70 67.80 72.3
28.70 52.62 83.2
34.43 90.52 27.4
98.99 50.24 9.6
87.27 34.00 100.8
46.05 86.17 52.9
38.81 4.24 88.1
8.83 19.92 9.5
88.97 85.53 28.8
23.83 37.59 97.6
66.67 77.23 42.4
41.99 20.03 52.4
