5.80 82.20 1.9
77.27 63.25 5.9
50.81 50.28 78.3
15.74 66.74 9.6
27.61 70.30 52.6
63.80 19.97 99.1
16.41 88.98 3.4
19.35 41.91 63.4
88.70 4.07 63.8
62.22 95.99 52.8
10.33 66.36 24.2
21.84 11.85 43.3
83.32 29.76 11.4
62.22 34.78 52.6
95.27 56.54 71.0
12.81 61.17 10.2
16.64 68.32 73.7
19.43 10.10 74.0
96.82 83.28 75.0
90.27 11.13 46.6
48.57 66.32 95.4
20.36 49.53 48.6
75.50 64.08 53.8
40.88 90.83 73.2
47.69 33.73 38.7
83.87 71.67 28.6
5.34 22.44 61.4
96.22 98.58 27.1
27.61 53.48 53.5
29.12 31.24 79.1
48.52 65.00 57.1
16.96 80.48 80.7
43.44 72.99 36.0
16.56 85.69 31.3
52.90 89.82 16.2
14.36 12.08 95.3
5.47 92.84 84.4
17.89 14.18 86.5
5.36 58.52 12.2
15.60 64.28 32.4
77.69 32.53 88.9
41.81 91.06 77.9
63.46 3.08 26.7
87.36 27.52 30.5
50.38 25.35 18.3
24.51 95.48 7.6
33.43 90.71 97.9
4.32 97.15 7.2
26.66 28.21 71.6
0.44 90.55 100.5
17.83 34.49 35.0
64.89 1.01 13.8
59.14 13.01 78.7
61.54 57.68 32.4
46.16 18.75 32.6
47.14 22.24 57.8
42.58 81.48 9.5
88.23 66.69 53.6
27.37 24.18 38.7
65.69 43.54 78.7
90.55 16.16 20.2
39.17 70.78 44.6
65.51 22.07 51.9
76.01 46.13 42.6
12.27 33.27 59.3
14.86 66.98 40.7
88.07 58.79 50.9
2.26 30.88 20.7
47.91 92.95 56.8
63.32 61.57 88.8
83.87 24.87 30.2
16.81 33.79 68.3
68.62 66.09 50.9
10.38 27.13 46.8
20.56 14.04 9.7
7.48 37.54 84.1
94.43 59.90 93.2
80.09 34.21 6.2
51.71 81.85 93.6
4.17 59.15 31.3
44.21 17.39 2.6
93.77 53.91 97.1
25.74 38.72 87.9
69.43 74.87 76.5
45.51 12.33 24.1
19.80 68.24 81.2
64.48 79.29 8.7
89.72 89.74 41.6
50.69 12.94 68.6
45.34 35.02 7.5
70.14 29.25 96.4
14.83 66.38 90.5
14.65 21.63 14.6
11.03 22.14 6.5
59.19 86.86 85.1
69.03 98.81 41.2
91.56 16.42 87.8
40.06 6.57 65.1
41.25 37.95 45.0
70.81 79.98 6.2
46.59 46.99 28.9
11.04 42.80 71.8
32.59 43.84 37.7
20.36 28.54 67.1
81.97 14.05 32.3
77.94 45.93 33.5
24.78 51.35 61.2
12.07 46.61 56.0
5.65 6.44 81.3
17.14 21.76 98.7
98.17 93.15 63.6
27.53 50.69 27.5
51.97 22.64 62.7
12.14 4.88 15.2
17.25 22.66 37.8
30.30 10.44 85.5
19.40 43.23 52.6
35.42 76.75 72.0
45.65 49.28 74.5
37.01 79.78 86.3
86.77 15.39 50.5
74.21 43.78 59.5
30.94 18.99 2.4
99.63 22.27 71.4
15.28 73.97 71.3
97.10 33.07 35.9
27.43 30.91 26.6
22.76 24.02 55.4
79.68 21.68 38.0
1.08 3.53 55.5
95.53 81.98 27.0
43.95 7.83 24.3
21.22 63.63 71.4
0.33 66.07 22.2
95.03 2.49 62.7
15.89 8.28 30.5
36.50 45.50 33.3
67.82 28.01 5.6
99.60 75.38 99.3
71.99 83.45 51.7
19.43 67.94 61.5
12.89 54.65 77.9
24.52 99.98 30.4
52.76 59.23 85.7
7.98 44.76 76.5
88.98 4.21 26.1
83.42 3.06 7.5
65.38 79.82 27.5
94.64 51.14 59.3
50.74 29.41 37.4
84.84 50.52 97.7
15.71 3.71 33.7
45.33 29.61 79.3
94.23 5.17 6.7
14.10 99.65 58.0
8.51 85.31 81.2
13.07 3.65 78.5
70.61 49.00 18.1
18.82 44.41 12.1
9.06 66.16 33.1
87.33 90.68 36.0
97.57 79.39 10.9
28.74 36.64 3.1
14.34 74.31 38.7
77.55 55.00 74.2
26.89 71.03 58.5
59.71 82.58 14.6
53.59 72.99 52.0
20.68 7.28 39.9
7.87 36.55 23.1
15.48 46.39 98.6
6.30 21.72 9.4
88.94 19.38 15.7
18.75 54.62 50.8
97.77 17.82 27.1
66.85 63.60 41.3
83.15 72.87 28.9
84.22 2.38 88.0
43.73 57.39 47.5
92.37 73.12 75.0
91.29 0.17 20.2
34.65 30.60 97.7
64.58 78.81 51.4
23.76 0.82 32.4
88.51 72.84 7.9
62.16 87.66 41.3
96.28 29.29 45.1
91.94 98.15 15.0
64.84 92.95 71.5
12.96 15.11 82.7
80.45 1.73 92.3
32.42 66.00 77.7
63.79 70.25 47.1
51.30 15.74 68.8
37.50 57.88 21.6
4.89 72.41 75.7
91.00 30.54 24.1
5.70 17.17 77.6
79.28 29.04 36.6
53.00 47.08 95.0
59.66 75.41 30.2
40.37 70.91 91.7
60.81 54.68 93.0
90.44 33.86 28.4
37.70 54.32 91.8
76.15 68.27 95.5
64.03 84.66 44.3
61.62 5.06 25.5
87.83 51.70 30.6
58.62 81.00 48.1
55.58 10.12 93.6
57.46 69.01 44.6
21.43 93.17 46.9
83.88 6.15 10.4
84.17 74.99 83.4
88.05 73.63 9.2
76.07 2.50 51.4
55.39 80.66 39.5
18.04 54.04 16.1
65.48 5.55 39.3
58.80 30.44 60.5
40.48 70.94 83.6
40.97 69.01 43.5
34.62 66.78 49.2
23.82 43.71 80.0
61.52 62.92 10.2
94.47 77.46 94.7
59.78 90.48 31.1
85.69 90.93 19.2
78.77 21.53 68.0
90.18 25.86 36.0
83.59 62.09 10.1
71.55 98.16 48.2
28.67 68.73 66.5
84.56 76.97 15.1
59.59 2.63 47.6
8.73 80.04 25.7
33.58 23.87 50.2
86.13 67.06 11.3
47.79 80.80 30.8
50.82 48.09 40.9
70.18 88.43 10.6
64.05 19.13 93.7
14.20 86.70 15.0
6.86 4.66 98.9
67.33 53.80 83.9
34.99 16.62 83.3
22.09 86.75 36.1
44.23 45.68 42.9
51.64 91.06 78.7
91.96 33.35 17.1
52.78 8.63 66.3
24.89 88.57 43.2
47.81 63.28 17.1
84.47 74.96 69.7
73.29 21.45 50.9
75.39 18.79 62.4
39.35 13.89 45.5
36.11 7.43 4.4
53.21 31.51 25.5
0.62 31.49 38.5
93.07 46.12 88.5
39.48 86.65 40.0
57.41 30.76 90.5
7.01 67.10 84.1
83.69 61.69 74.8
99.06 9.34 6.8
15.95 12.95 52.7
26.88 52.53 29.1
80.32 5.41 18.1
16.86 99.28 42.0
30.19 69.75 97.9
2.53 99.46 98.6
0.60 66.95 90.5
6.77 84.06 19.6
41.46 94.54 99.7
14.87 85.78 91.3
59.58 77.51 25.1
0.10 33.76 33.9
8.69 98.25 81.4
96.15 28.93 66.1
23.28 49.10 17.3
1.92 39.13 94.9
86.76 7.92 18.5
6.86 85.03 59.7
24.50 11.95 21.7
51.18 81.46 85.3
91.13 9.67 50.5
38.11 75.02 54.4
64.87 13.15 49.4
79.93 2.49 22.3
9.35 79.22 25.6
79.58 69.66 93.1
77.53 66.77 43.1
90.93 5.89 19.5
82.85 31.91 54.9
33.16 72.31 36.7
14.25 73.24 75.5
16.74 6.98 38.1
86.82 86.95 81.8
53.97 74.29 84.7
86.43 2.28 43.7
21.59 36.89 50.1
60.25 81.83 62.8
20.16 99.49 20.5
6.95 53.80 94.5
98.98 7.20 91.2
71.97 85.74 32.5
72.65 1.04 38.3
75.04 79.79 36.4
87.73 99.69 86.9
56.37 87.13 43.5
27.40 11.50 10.5
96.38 91.90 50.8
62.60 88.58 59.6
4.49 85.82 89.7
55.20 75.96 38.6
83.79 63.77 51.0
41.32 19.83 35.1
89.55 56.08 66.8
10.33 82.93 85.6
46.61 26.70 44.2
40.97 68.53 23.2
32.26 85.11 16.9
94.29 7.21 40.3
8.59 41.54 64.5
79.79 12.06 77.5
13.11 28.97 83.3
44.92 28.45 57.8
7.59 45.90 32.2
58.89 88.30 46.7
40.67 97.27 15.2
72.20 37.85 64.0
33.18 81.61 98.6
20.29 1.72 10.1
24.65 61.97 47.1
84.37 66.55 78.8
30.59 39.54 46.1
21.72 28.51 98.6
60.68 56.88 74.4
77.73 30.17 6.3
54.15 28.41 21.1
14.18 88.35 31.5
50.45 7.07 17.8
2.12 70.66 55.4
47.31 87.58 88.5
58.02 46.90 35.7
6.92 2.23 27.0
10.84 78.66 45.3
58.74 50.48 48.5
79.07 86.47 21.5
40.90 20.51 85.4
54.76 80.95 32.6
39.89 2.71 50.8
41.46 40.69 68.2
12.77 47.91 87.0
30.08 9.82 41.6
40.54 3.43 33.9
69.06 18.53 14.5
60.06 76.67 77.2
61.51 85.04 72.8
64.33 49.75 43.5
34.33 81.61 88.2
55.05 66.83 5.9
27.71 88.93 43.1
61.15 95.53 28.3
29.65 62.72 32.0
25.02 86.83 84.6
57.14 40.58 97.8
1.01 94.53 40.2
45.08 52.82 18.5
22.81 60.82 82.8
43.54 88.17 96.6
19.71 85.65 52.8
4.70 34.37 40.1
70.66 78.38 69.7
16.08 66.00 72.9
51.97 29.63 47.6
7.45 75.17 1.9
98.12 11.46 48.0
71.88 43.78 12.7
24.34 72.23 86.4
76.53 51.59 99.5
82.33 2.94 51.1
43.78 74.24 5.2
80.13 88.01 93.7
14.08 87.43 21.1
40.58 44.90 27.0
66.79 28.75 40.0
15.57 29.17 73.5
88.33 84.56 6.0
21.51 63.87 3.4
74.63 0.61 98.5
52.01 26.79 52.0
38.72 38.44 2.2
91.22 6.48 71.6
79.52 42.01 86.3
49.86 47.03 43.8
91.13 38.14 7.6
96.89 59.77 33.7
